U: 0.6441063636666851
U: 0.6268739613286911
U: 0.6247599086116722
U: 0.6247494956961717
