ENCUT = 300.000000
SMASS = -3.000000
LANGEVIN_GAMMA_L = 0.000000
TEBEG = 300.000000
ANDERSEN_PROB = 0.000000
DAMPING = 1.000000
EDIFF = 1.00e-08
EDIFFG = -1.00e-02
GGA = PE
PREC = Normal
IBRION = 1
IMAGES = 0
ISIF = 2
ISPIN = 1
ISTART = 1
NSW = 500
ICHAIN = -1
IOPT = 0
NBLOCK = 1
LANGEVIN_GAMMA = 0.0
LREAL = .FALSE.
